16
-1 27 49 43 9 28 28 6 49 44 13 35 47 17 40 6 
28 -1 48 24 22 1 26 49 33 22 2 4 9 30 46 23 
11 19 -1 32 19 11 27 30 50 5 33 28 1 44 31 44 
30 13 11 -1 43 4 18 18 28 50 5 1 25 11 14 17 
19 46 7 25 -1 6 21 44 23 21 31 43 47 46 48 14 
4 1 2 20 49 -1 47 24 38 31 6 38 3 49 9 9 
20 50 49 39 18 19 -1 23 40 28 29 30 14 36 13 32 
25 13 21 47 5 49 45 -1 36 48 8 25 41 32 38 21 
32 34 20 24 18 34 20 42 -1 37 43 39 6 30 25 8 
27 20 38 28 45 49 42 5 43 -1 27 15 45 13 5 40 
25 4 8 44 43 48 17 37 41 28 -1 32 43 8 33 4 
36 14 3 16 41 36 11 18 20 10 4 -1 50 48 39 19 
47 14 42 38 1 10 19 45 40 36 11 49 -1 2 37 44 
32 37 15 20 14 48 13 21 5 19 35 22 4 -1 22 10 
28 43 29 42 25 23 25 11 24 22 38 36 4 24 -1 49 
15 2 45 12 14 2 32 28 27 50 41 29 10 16 7 -1 
